56856012.00000000
55609144.00000000
56056960.00000000
52217104.00000000
52976140.00000000
54641624.00000000
53928860.00000000
55863820.00000000
55622844.00000000
54252088.00000000
54384944.00000000
55635372.00000000
55927424.00000000
55198916.00000000
55125736.00000000
54186028.00000000
52180344.00000000
53692628.00000000
54364212.00000000
53045324.00000000
55324308.00000000
56042516.00000000
54843892.00000000
57253200.00000000
54903624.00000000
56854424.00000000
54688152.00000000
55100260.00000000
52981088.00000000
57775720.00000000
55934984.00000000
53824296.00000000
55900756.00000000
52796228.00000000
55527332.00000000
52703816.00000000
53850272.00000000
56462232.00000000
55136384.00000000
52915888.00000000
55434548.00000000
53670356.00000000
53666480.00000000
52459212.00000000
53949340.00000000
54828648.00000000
54116092.00000000
55427588.00000000
52040016.00000000
55749764.00000000
52927812.00000000
55638356.00000000
58044680.00000000
52852664.00000000
53682544.00000000
55323536.00000000
56611928.00000000
54823112.00000000
53982108.00000000
54092164.00000000
53491592.00000000
51637072.00000000
54757908.00000000
51042612.00000000
58157484.00000000
55284388.00000000
53679052.00000000
53271256.00000000
53076040.00000000
56616140.00000000
56535664.00000000
54943884.00000000
52380740.00000000
54954480.00000000
51052076.00000000
56985568.00000000
54518848.00000000
54180072.00000000
52177904.00000000
55480336.00000000
59197504.00000000
52886436.00000000
53588196.00000000
52210872.00000000
53200216.00000000
55466840.00000000
53371088.00000000
56910636.00000000
53195096.00000000
54591828.00000000
54861944.00000000
55331112.00000000
53345188.00000000
56144540.00000000
53447540.00000000
55185976.00000000
52102400.00000000
56817464.00000000
53843212.00000000
56760156.00000000
