55969896.00000000
55217244.00000000
54435212.00000000
53047664.00000000
53688452.00000000
56516096.00000000
53919364.00000000
55694012.00000000
57034728.00000000
53505476.00000000
51211992.00000000
58021892.00000000
58683168.00000000
57110440.00000000
55660348.00000000
53210900.00000000
53398528.00000000
53486312.00000000
52315444.00000000
52290360.00000000
53581332.00000000
56103876.00000000
54155504.00000000
56333820.00000000
54894908.00000000
56020124.00000000
55024608.00000000
53628360.00000000
53635112.00000000
56331280.00000000
56439024.00000000
53525796.00000000
54160260.00000000
51611412.00000000
53745008.00000000
53996612.00000000
53827704.00000000
56965184.00000000
54320196.00000000
53837840.00000000
54295508.00000000
55304480.00000000
55927524.00000000
51413800.00000000
55847920.00000000
54797216.00000000
55432096.00000000
55228752.00000000
52408636.00000000
57228980.00000000
53081472.00000000
58014452.00000000
57672484.00000000
55634748.00000000
53324788.00000000
55673028.00000000
55520264.00000000
54539820.00000000
54972624.00000000
52739888.00000000
54863040.00000000
51653400.00000000
55261388.00000000
53792840.00000000
57382008.00000000
56597872.00000000
55290804.00000000
54439980.00000000
54178380.00000000
58976612.00000000
58958128.00000000
55695088.00000000
53160416.00000000
56123208.00000000
52050228.00000000
56193956.00000000
53658672.00000000
54115424.00000000
52378064.00000000
55642524.00000000
56777572.00000000
55603972.00000000
53851092.00000000
52280024.00000000
53245476.00000000
56325164.00000000
54251716.00000000
58194620.00000000
49942680.00000000
52862464.00000000
52665568.00000000
55476480.00000000
51758096.00000000
56300356.00000000
54421128.00000000
53093664.00000000
52762832.00000000
56483996.00000000
54218416.00000000
55359100.00000000
