73762920.00000000
71661416.00000000
72133160.00000000
68991760.00000000
66011368.00000000
68700664.00000000
70752928.00000000
71354392.00000000
71366472.00000000
68314704.00000000
67883560.00000000
73245016.00000000
70168536.00000000
71460136.00000000
73398568.00000000
70660064.00000000
66636796.00000000
68963456.00000000
66330268.00000000
67990656.00000000
71207160.00000000
71725064.00000000
70749784.00000000
73289456.00000000
72891792.00000000
74560960.00000000
70164232.00000000
70125104.00000000
68470296.00000000
71939552.00000000
70200536.00000000
70225544.00000000
68354904.00000000
68223008.00000000
72498504.00000000
69016240.00000000
68744640.00000000
72884784.00000000
71975088.00000000
70011960.00000000
71939576.00000000
70194936.00000000
69594000.00000000
68847136.00000000
71849432.00000000
71593920.00000000
72027384.00000000
70311104.00000000
66283596.00000000
73612360.00000000
67026232.00000000
71902384.00000000
75064496.00000000
71688792.00000000
69457280.00000000
68976968.00000000
71976432.00000000
70723528.00000000
70010704.00000000
70271376.00000000
70657288.00000000
68174136.00000000
70361400.00000000
68703856.00000000
73499792.00000000
72933480.00000000
70144200.00000000
71397040.00000000
69662760.00000000
76102128.00000000
71813720.00000000
70635776.00000000
67474840.00000000
74829000.00000000
70000136.00000000
74708648.00000000
69086864.00000000
69111584.00000000
69418520.00000000
73529480.00000000
75387216.00000000
71408256.00000000
68634688.00000000
67309464.00000000
71165984.00000000
72001496.00000000
69444488.00000000
69659048.00000000
64306952.00000000
67692136.00000000
68060800.00000000
74224888.00000000
67984416.00000000
72103080.00000000
69697672.00000000
69001424.00000000
67458512.00000000
70838832.00000000
68084216.00000000
74158824.00000000
