57978544.00000000
57970484.00000000
55511388.00000000
54028364.00000000
53013132.00000000
56212756.00000000
54534136.00000000
56907648.00000000
57819576.00000000
52985720.00000000
54243992.00000000
56797364.00000000
57635340.00000000
58019732.00000000
56624756.00000000
54932944.00000000
52324228.00000000
54202936.00000000
55023688.00000000
52162804.00000000
56317180.00000000
57542948.00000000
55554760.00000000
59096660.00000000
55744692.00000000
59450812.00000000
56580692.00000000
56966084.00000000
53404936.00000000
58087396.00000000
55889408.00000000
56399356.00000000
56991292.00000000
52165112.00000000
56766492.00000000
56091500.00000000
55671724.00000000
58200624.00000000
55653804.00000000
54231604.00000000
57741740.00000000
54401436.00000000
56861148.00000000
54053660.00000000
55513064.00000000
56147484.00000000
55903944.00000000
55691896.00000000
53737320.00000000
59183120.00000000
55200152.00000000
59325796.00000000
59564940.00000000
55780132.00000000
55083620.00000000
56455196.00000000
56466968.00000000
54814756.00000000
57193388.00000000
54836104.00000000
55516968.00000000
52935364.00000000
55164424.00000000
55046044.00000000
60666888.00000000
57947760.00000000
57093124.00000000
54778024.00000000
53564940.00000000
59665324.00000000
58320852.00000000
57058868.00000000
56838328.00000000
57079836.00000000
51535192.00000000
58642236.00000000
55593356.00000000
54493868.00000000
55205372.00000000
57121520.00000000
59261168.00000000
57800908.00000000
54602932.00000000
54226828.00000000
53751260.00000000
55127260.00000000
52946032.00000000
58595408.00000000
52372832.00000000
55864704.00000000
54417100.00000000
56406664.00000000
52629120.00000000
58961608.00000000
57604856.00000000
53900584.00000000
54598576.00000000
57410508.00000000
54726064.00000000
56451816.00000000
