41638732.00000000
41044004.00000000
39801712.00000000
38494032.00000000
36910144.00000000
37073216.00000000
39450008.00000000
44799924.00000000
36858352.00000000
39095728.00000000
37074656.00000000
40343260.00000000
38119832.00000000
38916248.00000000
40344748.00000000
40760268.00000000
37801772.00000000
38111320.00000000
38998260.00000000
37385620.00000000
41900288.00000000
42177000.00000000
41517660.00000000
43481952.00000000
41424892.00000000
44576172.00000000
37892036.00000000
40419344.00000000
36099860.00000000
43148168.00000000
37792700.00000000
39643380.00000000
41964228.00000000
38557900.00000000
39722248.00000000
39194972.00000000
38486912.00000000
38430112.00000000
39755728.00000000
38320668.00000000
40677740.00000000
37194476.00000000
37479276.00000000
38087412.00000000
38500412.00000000
42110612.00000000
42432488.00000000
42323548.00000000
37708152.00000000
42544988.00000000
39132000.00000000
39742688.00000000
41311812.00000000
38656596.00000000
36341840.00000000
37867452.00000000
38847772.00000000
38411072.00000000
38219080.00000000
36228324.00000000
38527316.00000000
38108244.00000000
39026644.00000000
38017596.00000000
42654088.00000000
39959836.00000000
39295792.00000000
41256688.00000000
42235208.00000000
43516956.00000000
37637552.00000000
39389448.00000000
38100164.00000000
41338204.00000000
38816084.00000000
44456248.00000000
40970348.00000000
39238116.00000000
39510816.00000000
42018980.00000000
44029904.00000000
41188788.00000000
40193232.00000000
35834264.00000000
40042864.00000000
40882332.00000000
35884132.00000000
39015148.00000000
37199252.00000000
39484424.00000000
38531784.00000000
42023056.00000000
37725304.00000000
40647008.00000000
40894796.00000000
39035860.00000000
38255584.00000000
38854520.00000000
39840804.00000000
41215160.00000000
