73098096.00000000
70647936.00000000
70278184.00000000
67764368.00000000
65575548.00000000
67959152.00000000
68639792.00000000
73095496.00000000
70224672.00000000
68503960.00000000
67363576.00000000
70891736.00000000
71363192.00000000
69320840.00000000
70592488.00000000
68497416.00000000
65052124.00000000
69296792.00000000
67603096.00000000
66627020.00000000
70781120.00000000
70979912.00000000
69993560.00000000
73082624.00000000
71030080.00000000
72874656.00000000
69943624.00000000
69407928.00000000
66647904.00000000
73585320.00000000
70936208.00000000
69300736.00000000
70880672.00000000
68916896.00000000
69827312.00000000
68794072.00000000
68501560.00000000
71774832.00000000
69009208.00000000
67409320.00000000
69348336.00000000
68606544.00000000
68826376.00000000
66896468.00000000
69064696.00000000
69022616.00000000
70366864.00000000
72040936.00000000
66139432.00000000
72078952.00000000
66608888.00000000
70081744.00000000
74656408.00000000
69524680.00000000
67938544.00000000
69237536.00000000
71332448.00000000
68300568.00000000
68924256.00000000
69852600.00000000
68795336.00000000
66148472.00000000
69606232.00000000
65640748.00000000
73648112.00000000
71753560.00000000
67809104.00000000
68285568.00000000
69960000.00000000
73618824.00000000
70485416.00000000
70132728.00000000
65810776.00000000
71717128.00000000
66682656.00000000
72939920.00000000
69343168.00000000
67122488.00000000
66368340.00000000
70697752.00000000
75412800.00000000
69726440.00000000
68903160.00000000
65654324.00000000
69090344.00000000
70598664.00000000
66953952.00000000
71789760.00000000
64806736.00000000
67953080.00000000
69369608.00000000
71489368.00000000
67697256.00000000
70705864.00000000
68934056.00000000
68492544.00000000
66286392.00000000
71509912.00000000
68784912.00000000
72429808.00000000
