81619552.00000000
80536304.00000000
83914640.00000000
77957800.00000000
79301560.00000000
81376552.00000000
82065392.00000000
79470032.00000000
82566128.00000000
77173784.00000000
78562528.00000000
82625592.00000000
80221088.00000000
81596568.00000000
80458336.00000000
78593240.00000000
76460248.00000000
79098896.00000000
77676024.00000000
78387800.00000000
80161784.00000000
81813960.00000000
78566208.00000000
82146464.00000000
82125896.00000000
83263128.00000000
80110616.00000000
78745792.00000000
77077648.00000000
83681672.00000000
82547688.00000000
80621888.00000000
77779376.00000000
75097136.00000000
83693072.00000000
79887384.00000000
81287968.00000000
84476416.00000000
80042264.00000000
76224960.00000000
81176808.00000000
81960224.00000000
76890216.00000000
76168080.00000000
80668536.00000000
77257024.00000000
81257936.00000000
77400096.00000000
74382648.00000000
82761016.00000000
77527264.00000000
83803472.00000000
86113368.00000000
78648344.00000000
79923376.00000000
80410864.00000000
84641952.00000000
80335432.00000000
78497464.00000000
80855128.00000000
78893672.00000000
77161496.00000000
80422216.00000000
75192312.00000000
83426984.00000000
81099312.00000000
77130888.00000000
78806664.00000000
75661224.00000000
81504840.00000000
82700904.00000000
80046424.00000000
79422056.00000000
80092088.00000000
76445176.00000000
84644680.00000000
80258344.00000000
80631352.00000000
78408360.00000000
81658864.00000000
86903528.00000000
77611672.00000000
78127712.00000000
77396232.00000000
78354600.00000000
81613096.00000000
79516928.00000000
80209568.00000000
77533896.00000000
78714992.00000000
78347184.00000000
81638352.00000000
79455824.00000000
83618784.00000000
76004896.00000000
79699768.00000000
78461968.00000000
83831320.00000000
77749624.00000000
81936160.00000000
