65989160.00000000
64677020.00000000
66313176.00000000
59992828.00000000
61448200.00000000
63853240.00000000
63281076.00000000
63646152.00000000
65717816.00000000
61601380.00000000
60834940.00000000
66398452.00000000
65039748.00000000
65426780.00000000
67479304.00000000
63642224.00000000
60453704.00000000
61825208.00000000
59686012.00000000
61528200.00000000
64472580.00000000
65371776.00000000
62167852.00000000
64675384.00000000
66161416.00000000
68656360.00000000
61656964.00000000
62353808.00000000
59698536.00000000
64249740.00000000
64693548.00000000
62144384.00000000
62570120.00000000
61705256.00000000
62961232.00000000
63786252.00000000
62114340.00000000
66325164.00000000
63443420.00000000
63350316.00000000
61871940.00000000
62049124.00000000
63027628.00000000
59503576.00000000
64181792.00000000
63327220.00000000
62995452.00000000
62934748.00000000
60243348.00000000
67028756.00000000
62582844.00000000
65844416.00000000
65712912.00000000
65382412.00000000
60337728.00000000
63197244.00000000
63911028.00000000
64228332.00000000
61439888.00000000
59813632.00000000
62016236.00000000
58671344.00000000
62840224.00000000
61952936.00000000
65402072.00000000
66894036.00000000
63078700.00000000
63038752.00000000
62346164.00000000
68706696.00000000
66115460.00000000
63378988.00000000
61589976.00000000
67707056.00000000
61903932.00000000
67362336.00000000
64366884.00000000
62613984.00000000
59657848.00000000
66468008.00000000
66090620.00000000
62022004.00000000
61431832.00000000
61387296.00000000
62745556.00000000
66434532.00000000
62727888.00000000
63721768.00000000
58966432.00000000
61411764.00000000
59566756.00000000
64461672.00000000
60779264.00000000
64846908.00000000
61852388.00000000
60966024.00000000
59382408.00000000
63561592.00000000
61626172.00000000
66423332.00000000
