70438360.00000000
70454408.00000000
69108200.00000000
65357740.00000000
63649348.00000000
66999508.00000000
65960672.00000000
69655232.00000000
67835496.00000000
65187304.00000000
65677992.00000000
68033272.00000000
67545488.00000000
66934624.00000000
67903664.00000000
69289184.00000000
63586612.00000000
65670212.00000000
66110356.00000000
65412240.00000000
68907424.00000000
69642968.00000000
66894548.00000000
70753800.00000000
67907272.00000000
69343272.00000000
68764416.00000000
69383624.00000000
65620108.00000000
70923488.00000000
68777176.00000000
65042712.00000000
69579064.00000000
64549944.00000000
69814912.00000000
64740128.00000000
66208724.00000000
69091728.00000000
68948616.00000000
64571584.00000000
71426984.00000000
66178796.00000000
67177984.00000000
65266040.00000000
67588464.00000000
69359536.00000000
66154936.00000000
68523464.00000000
63548384.00000000
70482064.00000000
65124612.00000000
68983776.00000000
72214896.00000000
65342316.00000000
66865740.00000000
66802904.00000000
69542824.00000000
67038424.00000000
68501224.00000000
68276832.00000000
66282072.00000000
63533536.00000000
65543300.00000000
63591244.00000000
71720768.00000000
68449312.00000000
66681008.00000000
66656620.00000000
69084784.00000000
71714032.00000000
67379992.00000000
67620992.00000000
62035220.00000000
67874680.00000000
65190736.00000000
72101928.00000000
67278520.00000000
67904944.00000000
65792060.00000000
69145728.00000000
74259064.00000000
64951344.00000000
65860824.00000000
63421116.00000000
66604908.00000000
69710040.00000000
63969380.00000000
70967608.00000000
62675368.00000000
66604108.00000000
66311432.00000000
70155872.00000000
64503684.00000000
70203624.00000000
66788400.00000000
69190032.00000000
63447200.00000000
68097056.00000000
65723168.00000000
72666184.00000000
