58560096.00000000
59754796.00000000
57570908.00000000
56433308.00000000
54840104.00000000
59402936.00000000
57020772.00000000
60555832.00000000
59943820.00000000
56377700.00000000
53453556.00000000
59629800.00000000
60852176.00000000
60627296.00000000
58094576.00000000
55589140.00000000
55397384.00000000
57264980.00000000
55637664.00000000
54503448.00000000
57187752.00000000
59079240.00000000
56813484.00000000
60115668.00000000
57794188.00000000
59888176.00000000
58639132.00000000
57783204.00000000
56093708.00000000
60087564.00000000
58570704.00000000
56590104.00000000
58186592.00000000
55735788.00000000
57459352.00000000
56680732.00000000
56488396.00000000
59112752.00000000
57665348.00000000
55227572.00000000
57099396.00000000
56810512.00000000
57928460.00000000
55329660.00000000
57290956.00000000
59103764.00000000
57216344.00000000
58607008.00000000
55223360.00000000
59397712.00000000
57087648.00000000
60866988.00000000
60280540.00000000
57470340.00000000
55753008.00000000
58367956.00000000
57144684.00000000
56677484.00000000
58186544.00000000
56004196.00000000
57565580.00000000
54147324.00000000
57584140.00000000
56795572.00000000
61341948.00000000
59616604.00000000
58840868.00000000
56627872.00000000
55847964.00000000
63095036.00000000
60669444.00000000
58081472.00000000
56458564.00000000
58186700.00000000
53885768.00000000
59665516.00000000
56959956.00000000
56634208.00000000
54979552.00000000
59366144.00000000
60629832.00000000
58315144.00000000
57065536.00000000
55596320.00000000
55104584.00000000
59503872.00000000
55311052.00000000
60512296.00000000
53450448.00000000
56403952.00000000
55955120.00000000
58041276.00000000
54427568.00000000
59370704.00000000
57588556.00000000
56156504.00000000
55032604.00000000
58327768.00000000
56124948.00000000
58789768.00000000
